603056
920000
920001
920002
920006
920008
920010
920014
920016
920017
920019
920021
920023
920026
920029
920030
920033
920039
920046
920047
920049
920053
920055
920058
920062
920063
920065
920067
920068
920070
920071
920072
920076
920077
920082
920083
920085
920088
920089
920090
920091
920093
920095
920096
920097
920098
920099
920100
920101
920103
920106
920107
920108
920109
920111
920112
920113
920115
920116
920117
920118
920119
920120
920121
920123
920125
920126
920128
920129
920131
920133
920136
920137
920139
920140
920141
920142
920143
920145
920146
920147
920148
920150
920152
920153
920155
920156
920158
920159
920160
920162
920163
920165
920166
920167
920168
920169
920170
920171
920173
920175
920176
920178
920179
920180
920181
920182
920183
920185
920186
920187
920188
920189
920190
920191
920192
920193
920195
920196
920197
920198
920199
920200
920201
920203
920205
920206
920207
920208
920209
920210
920211
920213
920215
920216
920218
920219
920221
920222
920223
920225
920226
920227
920228
920229
920230
920231
920232
920233
920235
920236
920237
920238
920239
920981
920982
920983
920985
920988
920989
920990
920991
920992
920993
920995
920998
920999
921051
921058
921068
921085
921086
921089
921093
921096
921099
921101
921105
921107
921109
921111
921112
921115
921118
921121
921123
921125
921128
921129
921131
921133
921136
921138
921139
921151
921155
921158
921163
921166
921168
921169
921171
921173
921175
921176
921178
921181
921183
921185
921186
921188
921189
921195
921196
921198
921199
921201
921205
921208
921211
921215
921218
921221
921223
921225
921228
921229
921231
921233
921236
921238
921239
921251
921258
921263
921266
921268
921269
921271
921273
921275
921276
921278
921281
921283
921285
921286
921288
921289
921295
921296
921298
921299
921301
921305
921308
921311
921315
921318
921321
921323
921325
921328
921329
921331
921333
921336
921338
921339
